2.172700000000000000e+04
3.533000000000000000e+03
1.121000000000000000e+03
1.179600000000000000e+04
2.069000000000000000e+04
1.746000000000000000e+03
1.199000000000000000e+04
1.979600000000000000e+04
6.131000000000000000e+03
3.941000000000000000e+03
1.527500000000000000e+04
1.048700000000000000e+04
1.335100000000000000e+04
1.618800000000000000e+04
1.532300000000000000e+04
2.204700000000000000e+04
2.818000000000000000e+03
7.603000000000000000e+03
3.430000000000000000e+02
1.849100000000000000e+04
8.449000000000000000e+03
1.778000000000000000e+03
4.442000000000000000e+03
3.013000000000000000e+03
2.250000000000000000e+02
4.644000000000000000e+03
1.588000000000000000e+03
7.438000000000000000e+03
2.071600000000000000e+04
1.984000000000000000e+04
6.461000000000000000e+03
6.690000000000000000e+03
9.050000000000000000e+02
6.478000000000000000e+03
1.497000000000000000e+04
1.285200000000000000e+04
1.143600000000000000e+04
1.135600000000000000e+04
2.078700000000000000e+04
1.440300000000000000e+04
2.116900000000000000e+04
1.093700000000000000e+04
1.402000000000000000e+04
2.227900000000000000e+04
1.026000000000000000e+03
1.629000000000000000e+04
1.292000000000000000e+04
1.669000000000000000e+03
1.358000000000000000e+03
2.214600000000000000e+04
2.733000000000000000e+03
1.490600000000000000e+04
2.128600000000000000e+04
5.914000000000000000e+03
9.318000000000000000e+03
1.433100000000000000e+04
1.110900000000000000e+04
1.277800000000000000e+04
1.075500000000000000e+04
4.723000000000000000e+03
1.774000000000000000e+04
1.525200000000000000e+04
3.343000000000000000e+03
2.117900000000000000e+04
6.721000000000000000e+03
1.082200000000000000e+04
9.569000000000000000e+03
1.433300000000000000e+04
1.360900000000000000e+04
2.038000000000000000e+03
1.726200000000000000e+04
2.128000000000000000e+03
1.515000000000000000e+04
1.343600000000000000e+04
1.703300000000000000e+04
1.198000000000000000e+04
2.210900000000000000e+04
2.160100000000000000e+04
2.939000000000000000e+03
1.540500000000000000e+04
2.039100000000000000e+04
1.316700000000000000e+04
1.673800000000000000e+04
1.651000000000000000e+04
4.814000000000000000e+03
1.230000000000000000e+03
2.109200000000000000e+04
2.806000000000000000e+03
1.715900000000000000e+04
1.688700000000000000e+04
1.097300000000000000e+04
2.087100000000000000e+04
1.832000000000000000e+04
1.897700000000000000e+04
8.033000000000000000e+03
1.440900000000000000e+04
1.809700000000000000e+04
1.087700000000000000e+04
1.069700000000000000e+04
1.853500000000000000e+04
1.365300000000000000e+04
1.403200000000000000e+04
8.687000000000000000e+03
9.936000000000000000e+03
9.109000000000000000e+03
2.260000000000000000e+03
1.137700000000000000e+04
9.419000000000000000e+03
8.385000000000000000e+03
5.651000000000000000e+03
9.760000000000000000e+03
5.007000000000000000e+03
1.840500000000000000e+04
7.736000000000000000e+03
2.129200000000000000e+04
7.181000000000000000e+03
8.368000000000000000e+03
3.749000000000000000e+03
8.140000000000000000e+03
9.573000000000000000e+03
1.261500000000000000e+04
6.281000000000000000e+03
1.444000000000000000e+03
9.246000000000000000e+03
1.393400000000000000e+04
1.059000000000000000e+04
8.217000000000000000e+03
8.458000000000000000e+03
1.576000000000000000e+04
1.812400000000000000e+04
5.854000000000000000e+03
1.816000000000000000e+04
8.372000000000000000e+03
8.090000000000000000e+02
8.330000000000000000e+03
9.184000000000000000e+03
2.061600000000000000e+04
1.107200000000000000e+04
1.876400000000000000e+04
1.813100000000000000e+04
1.992800000000000000e+04
1.841000000000000000e+04
1.730600000000000000e+04
2.038000000000000000e+04
1.063000000000000000e+04
2.133600000000000000e+04
1.971500000000000000e+04
2.004700000000000000e+04
1.971400000000000000e+04
3.426000000000000000e+03
1.297100000000000000e+04
1.840100000000000000e+04
2.178100000000000000e+04
1.653300000000000000e+04
1.417600000000000000e+04
2.121200000000000000e+04
1.655000000000000000e+04
1.659500000000000000e+04
1.488400000000000000e+04
1.057200000000000000e+04
1.127900000000000000e+04
2.250000000000000000e+03
9.013000000000000000e+03
2.267000000000000000e+03
8.774000000000000000e+03
1.841300000000000000e+04
8.042000000000000000e+03
9.269000000000000000e+03
1.555400000000000000e+04
7.806000000000000000e+03
2.174100000000000000e+04
3.270000000000000000e+02
4.354000000000000000e+03
1.387500000000000000e+04
5.540000000000000000e+03
1.900400000000000000e+04
1.894700000000000000e+04
4.843000000000000000e+03
3.598000000000000000e+03
2.118000000000000000e+03
1.589900000000000000e+04
3.891000000000000000e+03
1.010800000000000000e+04
2.136100000000000000e+04
1.364100000000000000e+04
1.319200000000000000e+04
1.727500000000000000e+04
1.577000000000000000e+03
9.616000000000000000e+03
6.038000000000000000e+03
8.468000000000000000e+03
9.207000000000000000e+03
8.635000000000000000e+03
1.784000000000000000e+03
2.550000000000000000e+02
5.856000000000000000e+03
2.085400000000000000e+04
9.958000000000000000e+03
4.700000000000000000e+03
7.621000000000000000e+03
1.578200000000000000e+04
6.294000000000000000e+03
1.647000000000000000e+04
1.811100000000000000e+04
6.431000000000000000e+03
5.946000000000000000e+03
2.156500000000000000e+04
6.605000000000000000e+03
1.059800000000000000e+04
2.053300000000000000e+04
2.160400000000000000e+04
2.000000000000000000e+01
1.826600000000000000e+04
7.037000000000000000e+03
1.939400000000000000e+04
3.100000000000000000e+01
1.993600000000000000e+04
5.557000000000000000e+03
1.241200000000000000e+04
1.371600000000000000e+04
6.944000000000000000e+03
1.092600000000000000e+04
1.579800000000000000e+04
2.103600000000000000e+04
2.076500000000000000e+04
7.325000000000000000e+03
7.200000000000000000e+01
1.712000000000000000e+03
1.099500000000000000e+04
1.248000000000000000e+03
4.681000000000000000e+03
2.671000000000000000e+03
7.000000000000000000e+03
9.282000000000000000e+03
6.643000000000000000e+03
1.154600000000000000e+04
7.427000000000000000e+03
2.854000000000000000e+03
1.661900000000000000e+04
1.569200000000000000e+04
7.482000000000000000e+03
1.837000000000000000e+03
3.262000000000000000e+03
1.731700000000000000e+04
1.354000000000000000e+03
4.352000000000000000e+03
1.042700000000000000e+04
1.246500000000000000e+04
7.500000000000000000e+01
1.528000000000000000e+03
3.294000000000000000e+03
1.650800000000000000e+04
1.402600000000000000e+04
2.006000000000000000e+04
1.843700000000000000e+04
1.920400000000000000e+04
2.068500000000000000e+04
1.247900000000000000e+04
1.718700000000000000e+04
1.825000000000000000e+04
3.907000000000000000e+03
2.136200000000000000e+04
1.111400000000000000e+04
1.650100000000000000e+04
1.222500000000000000e+04
1.920900000000000000e+04
7.653000000000000000e+03
1.917500000000000000e+04
1.818800000000000000e+04
1.704800000000000000e+04
1.989000000000000000e+04
1.510200000000000000e+04
1.962600000000000000e+04
1.288100000000000000e+04
2.117100000000000000e+04
1.938000000000000000e+04
1.730300000000000000e+04
1.383600000000000000e+04
2.099400000000000000e+04
4.728000000000000000e+03
7.920000000000000000e+02
3.390000000000000000e+03
3.280000000000000000e+03
1.961900000000000000e+04
2.051500000000000000e+04
1.178200000000000000e+04
1.244100000000000000e+04
1.029000000000000000e+03
1.995900000000000000e+04
1.141000000000000000e+03
1.922600000000000000e+04
2.861000000000000000e+03
1.827100000000000000e+04
1.012700000000000000e+04
1.593500000000000000e+04
1.803000000000000000e+04
1.185400000000000000e+04
1.627600000000000000e+04
1.572000000000000000e+04
1.418800000000000000e+04
1.220400000000000000e+04
5.325000000000000000e+03
1.737500000000000000e+04
2.205800000000000000e+04
2.235500000000000000e+04
1.229900000000000000e+04
2.154400000000000000e+04
1.353400000000000000e+04
1.917300000000000000e+04
1.898700000000000000e+04
1.322400000000000000e+04
1.251200000000000000e+04
1.465000000000000000e+04
1.607900000000000000e+04
2.863000000000000000e+03
1.105000000000000000e+03
1.208300000000000000e+04
2.068500000000000000e+04
5.711000000000000000e+03
1.802200000000000000e+04
1.236700000000000000e+04
7.683000000000000000e+03
1.663000000000000000e+04
6.262000000000000000e+03
6.101000000000000000e+03
1.119900000000000000e+04
8.097000000000000000e+03
8.142000000000000000e+03
7.917000000000000000e+03
7.106000000000000000e+03
9.116000000000000000e+03
1.658700000000000000e+04
9.431000000000000000e+03
8.408000000000000000e+03
6.877000000000000000e+03
1.193000000000000000e+03
5.024000000000000000e+03
2.070500000000000000e+04
8.407000000000000000e+03
1.266500000000000000e+04
7.424000000000000000e+03
5.256000000000000000e+03
4.502000000000000000e+03
1.339600000000000000e+04
1.918000000000000000e+04
1.741300000000000000e+04
8.387000000000000000e+03
1.387500000000000000e+04
1.403200000000000000e+04
7.420000000000000000e+02
4.066000000000000000e+03
1.323800000000000000e+04
8.873000000000000000e+03
1.424200000000000000e+04
1.436900000000000000e+04
6.605000000000000000e+03
5.542000000000000000e+03
1.134600000000000000e+04
7.612000000000000000e+03
3.830000000000000000e+03
1.167300000000000000e+04
1.032300000000000000e+04
1.162100000000000000e+04
1.249300000000000000e+04
2.207100000000000000e+04
7.914000000000000000e+03
7.417000000000000000e+03
1.574000000000000000e+04
1.493000000000000000e+03
6.315000000000000000e+03
9.374000000000000000e+03
1.817400000000000000e+04
6.557000000000000000e+03
1.842500000000000000e+04
1.230100000000000000e+04
3.712000000000000000e+03
1.833900000000000000e+04
1.497000000000000000e+04
1.080300000000000000e+04
4.934000000000000000e+03
1.415100000000000000e+04
1.535200000000000000e+04
1.246100000000000000e+04
1.311400000000000000e+04
7.702000000000000000e+03
7.695000000000000000e+03
2.160900000000000000e+04
2.039600000000000000e+04
1.690600000000000000e+04
1.218400000000000000e+04
1.039400000000000000e+04
